Overflow Progressivo - divisão
Inserção:	0.039059, 0.038415, 0.039378, 0.039011, 0.041119, 0.045906, 0.039444, 0.039126, 0.042049, 0.038666
Busca:		9.117072, 9.107867, 9.063285, 9.114259, 9.419514, 9.140769, 9.120253, 9.122361, 9.366557, 9.123404

Overflow Progressivo - multiplicação
Inserção:	0.232226, 0.232506, 0.239973, 0.230474, 0.231548, 0.242643, 0.229353, 0.227546, 0.245360, 0.234330
Busca:		39.006634, 39.546329, 38.884270, 39.175756, 39.633743, 38.913583, 38.912782, 40.211987, 42.226321, 38.939737

Hash duplo
Inserção:	0.136085, 0.139056, 0.140267, 0.135824, 0.134695, 0.135971, 0.141437, 0.137631, 0.132644, 0.133711
Busca:		70.332442, 70.313453, 70.733132, 70.811036, 70.085041, 73.480530, 71.310348, 70.437991, 71.102842, 70.377011

Hash aberto - divisão
Inserção:	0.008537, 0.008139, 0.008417, 0.008466, 0.007731, 0.008475, 0.009659, 0.008549, 0.008558, 0.009136
Busca:		0.007775, 0.008425, 0.008582, 0.008903, 0.007423, 0.007057, 0.007461, 0.007746, 0.007262, 0.007174

Hash aberto - multiplicação
Inserçao:	0.011289, 0.012902, 0.011868, 0.011262, 0.010892, 0.010865, 0.011618, 0.011051, 0.011232, 0.011072
Busca:		0.049784, 0.055107, 0.046157, 0.049617, 0.048671, 0.048211, 0.048347, 0.050129, 0.055702, 0.053838